2019/08/12-15:51:21.105335 7fdef1218d40 RocksDB version: 5.14.3
2019/08/12-15:51:21.105360 7fdef1218d40 Git sha rocksdb_build_git_sha:@0@
2019/08/12-15:51:21.105363 7fdef1218d40 Compile date Jul  8 2019
2019/08/12-15:51:21.105365 7fdef1218d40 DB SUMMARY
2019/08/12-15:51:21.105434 7fdef1218d40 CURRENT file:  CURRENT
2019/08/12-15:51:21.105437 7fdef1218d40 IDENTITY file:  IDENTITY
2019/08/12-15:51:21.105445 7fdef1218d40 MANIFEST file:  MANIFEST-000078 size: 1633 Bytes
2019/08/12-15:51:21.105449 7fdef1218d40 SST files in /nodeConfig/node0/chains/Pi-Chain-Testnet/db/be68428edbed1b9b/overlayrecent/db dir, Total Num: 15, files: 000031.sst 000041.sst 000071.sst 000072.sst 000073.sst 000074.sst 000075.sst 000076.sst 000079.sst 
2019/08/12-15:51:21.105451 7fdef1218d40 Write Ahead Log file in /nodeConfig/node0/chains/Pi-Chain-Testnet/db/be68428edbed1b9b/overlayrecent/db: 000086.log size: 7923 ; 
2019/08/12-15:51:21.105454 7fdef1218d40                         Options.error_if_exists: 0
2019/08/12-15:51:21.105456 7fdef1218d40                       Options.create_if_missing: 1
2019/08/12-15:51:21.105457 7fdef1218d40                         Options.paranoid_checks: 1
2019/08/12-15:51:21.105459 7fdef1218d40                                     Options.env: 0x557388075300
2019/08/12-15:51:21.105461 7fdef1218d40                                Options.info_log: 0x55738970bb70
2019/08/12-15:51:21.105462 7fdef1218d40                Options.max_file_opening_threads: 16
2019/08/12-15:51:21.105464 7fdef1218d40                              Options.statistics: (nil)
2019/08/12-15:51:21.105466 7fdef1218d40                               Options.use_fsync: 0
2019/08/12-15:51:21.105467 7fdef1218d40                       Options.max_log_file_size: 0
2019/08/12-15:51:21.105469 7fdef1218d40                  Options.max_manifest_file_size: 18446744073709551615
2019/08/12-15:51:21.105471 7fdef1218d40                   Options.log_file_time_to_roll: 0
2019/08/12-15:51:21.105472 7fdef1218d40                       Options.keep_log_file_num: 1
2019/08/12-15:51:21.105474 7fdef1218d40                    Options.recycle_log_file_num: 0
2019/08/12-15:51:21.105476 7fdef1218d40                         Options.allow_fallocate: 1
2019/08/12-15:51:21.105477 7fdef1218d40                        Options.allow_mmap_reads: 0
2019/08/12-15:51:21.105479 7fdef1218d40                       Options.allow_mmap_writes: 0
2019/08/12-15:51:21.105480 7fdef1218d40                        Options.use_direct_reads: 0
2019/08/12-15:51:21.105482 7fdef1218d40                        Options.use_direct_io_for_flush_and_compaction: 0
2019/08/12-15:51:21.105483 7fdef1218d40          Options.create_missing_column_families: 0
2019/08/12-15:51:21.105485 7fdef1218d40                              Options.db_log_dir: 
2019/08/12-15:51:21.105486 7fdef1218d40                                 Options.wal_dir: /nodeConfig/node0/chains/Pi-Chain-Testnet/db/be68428edbed1b9b/overlayrecent/db
2019/08/12-15:51:21.105488 7fdef1218d40                Options.table_cache_numshardbits: 6
2019/08/12-15:51:21.105490 7fdef1218d40                      Options.max_subcompactions: 1
2019/08/12-15:51:21.105491 7fdef1218d40                  Options.max_background_flushes: -1
2019/08/12-15:51:21.105493 7fdef1218d40                         Options.WAL_ttl_seconds: 0
2019/08/12-15:51:21.105494 7fdef1218d40                       Options.WAL_size_limit_MB: 0
2019/08/12-15:51:21.105496 7fdef1218d40             Options.manifest_preallocation_size: 4194304
2019/08/12-15:51:21.105498 7fdef1218d40                     Options.is_fd_close_on_exec: 1
2019/08/12-15:51:21.105499 7fdef1218d40                   Options.advise_random_on_open: 1
2019/08/12-15:51:21.105501 7fdef1218d40                    Options.db_write_buffer_size: 8388608
2019/08/12-15:51:21.105502 7fdef1218d40                    Options.write_buffer_manager: 0x557389707ca0
2019/08/12-15:51:21.105504 7fdef1218d40         Options.access_hint_on_compaction_start: 1
2019/08/12-15:51:21.105505 7fdef1218d40  Options.new_table_reader_for_compaction_inputs: 0
2019/08/12-15:51:21.105507 7fdef1218d40           Options.random_access_max_buffer_size: 1048576
2019/08/12-15:51:21.105519 7fdef1218d40                      Options.use_adaptive_mutex: 0
2019/08/12-15:51:21.105521 7fdef1218d40                            Options.rate_limiter: 0x557389701e80
2019/08/12-15:51:21.105523 7fdef1218d40     Options.sst_file_manager.rate_bytes_per_sec: 0
2019/08/12-15:51:21.105524 7fdef1218d40                       Options.wal_recovery_mode: 2
2019/08/12-15:51:21.105526 7fdef1218d40                  Options.enable_thread_tracking: 0
2019/08/12-15:51:21.105528 7fdef1218d40                  Options.enable_pipelined_write: 0
2019/08/12-15:51:21.105530 7fdef1218d40         Options.allow_concurrent_memtable_write: 1
2019/08/12-15:51:21.105532 7fdef1218d40      Options.enable_write_thread_adaptive_yield: 1
2019/08/12-15:51:21.105568 7fdef1218d40             Options.write_thread_max_yield_usec: 100
2019/08/12-15:51:21.105570 7fdef1218d40            Options.write_thread_slow_yield_usec: 3
2019/08/12-15:51:21.105572 7fdef1218d40                               Options.row_cache: None
2019/08/12-15:51:21.105573 7fdef1218d40                              Options.wal_filter: None
2019/08/12-15:51:21.105575 7fdef1218d40             Options.avoid_flush_during_recovery: 0
2019/08/12-15:51:21.105577 7fdef1218d40             Options.allow_ingest_behind: 0
2019/08/12-15:51:21.105578 7fdef1218d40             Options.preserve_deletes: 0
2019/08/12-15:51:21.105580 7fdef1218d40             Options.two_write_queues: 0
2019/08/12-15:51:21.105581 7fdef1218d40             Options.manual_wal_flush: 0
2019/08/12-15:51:21.105583 7fdef1218d40             Options.max_background_jobs: 1
2019/08/12-15:51:21.105584 7fdef1218d40             Options.max_background_compactions: -1
2019/08/12-15:51:21.105586 7fdef1218d40             Options.avoid_flush_during_shutdown: 0
2019/08/12-15:51:21.105588 7fdef1218d40           Options.writable_file_max_buffer_size: 1048576
2019/08/12-15:51:21.105589 7fdef1218d40             Options.delayed_write_rate : 16777216
2019/08/12-15:51:21.105591 7fdef1218d40             Options.max_total_wal_size: 0
2019/08/12-15:51:21.105592 7fdef1218d40             Options.delete_obsolete_files_period_micros: 21600000000
2019/08/12-15:51:21.105594 7fdef1218d40                   Options.stats_dump_period_sec: 600
2019/08/12-15:51:21.105596 7fdef1218d40                          Options.max_open_files: 512
2019/08/12-15:51:21.105597 7fdef1218d40                          Options.bytes_per_sync: 1048576
2019/08/12-15:51:21.105599 7fdef1218d40                      Options.wal_bytes_per_sync: 0
2019/08/12-15:51:21.105600 7fdef1218d40       Options.compaction_readahead_size: 0
2019/08/12-15:51:21.105602 7fdef1218d40 Compression algorithms supported:
2019/08/12-15:51:21.105604 7fdef1218d40 	kZSTDNotFinalCompression supported: 0
2019/08/12-15:51:21.105620 7fdef1218d40 	kZSTD supported: 0
2019/08/12-15:51:21.105621 7fdef1218d40 	kXpressCompression supported: 0
2019/08/12-15:51:21.105623 7fdef1218d40 	kLZ4HCCompression supported: 0
2019/08/12-15:51:21.105625 7fdef1218d40 	kLZ4Compression supported: 0
2019/08/12-15:51:21.105627 7fdef1218d40 	kBZip2Compression supported: 0
2019/08/12-15:51:21.105628 7fdef1218d40 	kZlibCompression supported: 0
2019/08/12-15:51:21.105630 7fdef1218d40 	kSnappyCompression supported: 1
2019/08/12-15:51:21.105633 7fdef1218d40 Fast CRC32 supported: Not supported on x86
2019/08/12-15:51:21.105940 7fdef1218d40 [/ci-cache/parity-ethereum/cargo/build-linux/registry/src/github.com-1ecc6299db9ec823/parity-rocksdb-sys-0.5.5/rocksdb/db/version_set.cc:3085] Recovering from manifest file: MANIFEST-000078
2019/08/12-15:51:21.106049 7fdef1218d40 [/ci-cache/parity-ethereum/cargo/build-linux/registry/src/github.com-1ecc6299db9ec823/parity-rocksdb-sys-0.5.5/rocksdb/db/column_family.cc:475] --------------- Options for column family [default]:
2019/08/12-15:51:21.106052 7fdef1218d40               Options.comparator: leveldb.BytewiseComparator
2019/08/12-15:51:21.106054 7fdef1218d40           Options.merge_operator: None
2019/08/12-15:51:21.106055 7fdef1218d40        Options.compaction_filter: None
2019/08/12-15:51:21.106057 7fdef1218d40        Options.compaction_filter_factory: None
2019/08/12-15:51:21.106069 7fdef1218d40         Options.memtable_factory: SkipListFactory
2019/08/12-15:51:21.106071 7fdef1218d40            Options.table_factory: BlockBasedTable
2019/08/12-15:51:21.106110 7fdef1218d40            table_factory options:   flush_block_policy_factory: FlushBlockBySizePolicyFactory (0x5573896fd180)
  cache_index_and_filter_blocks: 0
  cache_index_and_filter_blocks_with_high_priority: 0
  pin_l0_filter_and_index_blocks_in_cache: 0
  index_type: 0
  hash_index_allow_collision: 1
  checksum: 1
  no_block_cache: 0
  block_cache: 0x5573896fe2f0
  block_cache_name: LRUCache
  block_cache_options:
    capacity : 8388608
    num_shard_bits : 4
    strict_capacity_limit : 0
    high_pri_pool_ratio: 0.000
  block_cache_compressed: (nil)
  persistent_cache: (nil)
  block_size: 4096
  block_size_deviation: 10
  block_restart_interval: 16
  index_block_restart_interval: 1
  metadata_block_size: 4096
  partition_filters: 0
  use_delta_encoding: 1
  filter_policy: nullptr
  whole_key_filtering: 1
  verify_compression: 0
  read_amp_bytes_per_bit: 0
  format_version: 2
  enable_index_compression: 1
  block_align: 0
2019/08/12-15:51:21.106115 7fdef1218d40        Options.write_buffer_size: 67108864
2019/08/12-15:51:21.106117 7fdef1218d40  Options.max_write_buffer_number: 2
2019/08/12-15:51:21.106119 7fdef1218d40          Options.compression: Snappy
2019/08/12-15:51:21.106120 7fdef1218d40                  Options.bottommost_compression: Disabled
2019/08/12-15:51:21.106122 7fdef1218d40       Options.prefix_extractor: nullptr
2019/08/12-15:51:21.106124 7fdef1218d40   Options.memtable_insert_with_hint_prefix_extractor: nullptr
2019/08/12-15:51:21.106125 7fdef1218d40             Options.num_levels: 7
2019/08/12-15:51:21.106127 7fdef1218d40        Options.min_write_buffer_number_to_merge: 1
2019/08/12-15:51:21.106129 7fdef1218d40     Options.max_write_buffer_number_to_maintain: 0
2019/08/12-15:51:21.106130 7fdef1218d40            Options.compression_opts.window_bits: -14
2019/08/12-15:51:21.106132 7fdef1218d40                  Options.compression_opts.level: -1
2019/08/12-15:51:21.106133 7fdef1218d40               Options.compression_opts.strategy: 0
2019/08/12-15:51:21.106135 7fdef1218d40         Options.compression_opts.max_dict_bytes: 0
2019/08/12-15:51:21.106137 7fdef1218d40         Options.compression_opts.zstd_max_train_bytes: 0
2019/08/12-15:51:21.106138 7fdef1218d40      Options.level0_file_num_compaction_trigger: 4
2019/08/12-15:51:21.106140 7fdef1218d40          Options.level0_slowdown_writes_trigger: 20
2019/08/12-15:51:21.106142 7fdef1218d40              Options.level0_stop_writes_trigger: 36
2019/08/12-15:51:21.106143 7fdef1218d40                   Options.target_file_size_base: 67108864
2019/08/12-15:51:21.106145 7fdef1218d40             Options.target_file_size_multiplier: 1
2019/08/12-15:51:21.106146 7fdef1218d40                Options.max_bytes_for_level_base: 268435456
2019/08/12-15:51:21.106148 7fdef1218d40 Options.level_compaction_dynamic_level_bytes: 0
2019/08/12-15:51:21.106149 7fdef1218d40          Options.max_bytes_for_level_multiplier: 10.000000
2019/08/12-15:51:21.106152 7fdef1218d40 Options.max_bytes_for_level_multiplier_addtl[0]: 1
2019/08/12-15:51:21.106154 7fdef1218d40 Options.max_bytes_for_level_multiplier_addtl[1]: 1
2019/08/12-15:51:21.106156 7fdef1218d40 Options.max_bytes_for_level_multiplier_addtl[2]: 1
2019/08/12-15:51:21.106157 7fdef1218d40 Options.max_bytes_for_level_multiplier_addtl[3]: 1
2019/08/12-15:51:21.106159 7fdef1218d40 Options.max_bytes_for_level_multiplier_addtl[4]: 1
2019/08/12-15:51:21.106161 7fdef1218d40 Options.max_bytes_for_level_multiplier_addtl[5]: 1
2019/08/12-15:51:21.106162 7fdef1218d40 Options.max_bytes_for_level_multiplier_addtl[6]: 1
2019/08/12-15:51:21.106164 7fdef1218d40       Options.max_sequential_skip_in_iterations: 8
2019/08/12-15:51:21.106166 7fdef1218d40                    Options.max_compaction_bytes: 1677721600
2019/08/12-15:51:21.106167 7fdef1218d40                        Options.arena_block_size: 8388608
2019/08/12-15:51:21.106176 7fdef1218d40   Options.soft_pending_compaction_bytes_limit: 68719476736
2019/08/12-15:51:21.106178 7fdef1218d40   Options.hard_pending_compaction_bytes_limit: 274877906944
2019/08/12-15:51:21.106180 7fdef1218d40       Options.rate_limit_delay_max_milliseconds: 100
2019/08/12-15:51:21.106182 7fdef1218d40                Options.disable_auto_compactions: 0
2019/08/12-15:51:21.106184 7fdef1218d40                        Options.compaction_style: kCompactionStyleLevel
2019/08/12-15:51:21.106186 7fdef1218d40                          Options.compaction_pri: kByCompensatedSize
2019/08/12-15:51:21.106188 7fdef1218d40 Options.compaction_options_universal.size_ratio: 1
2019/08/12-15:51:21.106189 7fdef1218d40 Options.compaction_options_universal.min_merge_width: 2
2019/08/12-15:51:21.106191 7fdef1218d40 Options.compaction_options_universal.max_merge_width: 4294967295
2019/08/12-15:51:21.106193 7fdef1218d40 Options.compaction_options_universal.max_size_amplification_percent: 200
2019/08/12-15:51:21.106194 7fdef1218d40 Options.compaction_options_universal.compression_size_percent: -1
2019/08/12-15:51:21.106196 7fdef1218d40 Options.compaction_options_universal.stop_style: kCompactionStopStyleTotalSize
2019/08/12-15:51:21.106198 7fdef1218d40 Options.compaction_options_fifo.max_table_files_size: 1073741824
2019/08/12-15:51:21.106199 7fdef1218d40 Options.compaction_options_fifo.allow_compaction: 0
2019/08/12-15:51:21.106201 7fdef1218d40 Options.compaction_options_fifo.ttl: 0
2019/08/12-15:51:21.106203 7fdef1218d40                   Options.table_properties_collectors: 
2019/08/12-15:51:21.106204 7fdef1218d40                   Options.inplace_update_support: 0
2019/08/12-15:51:21.106206 7fdef1218d40                 Options.inplace_update_num_locks: 10000
2019/08/12-15:51:21.106207 7fdef1218d40               Options.memtable_prefix_bloom_size_ratio: 0.000000
2019/08/12-15:51:21.106210 7fdef1218d40   Options.memtable_huge_page_size: 0
2019/08/12-15:51:21.106211 7fdef1218d40                           Options.bloom_locality: 0
2019/08/12-15:51:21.106213 7fdef1218d40                    Options.max_successive_merges: 0
2019/08/12-15:51:21.106214 7fdef1218d40                Options.optimize_filters_for_hits: 0
2019/08/12-15:51:21.106216 7fdef1218d40                Options.paranoid_file_checks: 0
2019/08/12-15:51:21.106218 7fdef1218d40                Options.force_consistency_checks: 0
2019/08/12-15:51:21.106219 7fdef1218d40                Options.report_bg_io_stats: 0
2019/08/12-15:51:21.106221 7fdef1218d40                               Options.ttl: 0
2019/08/12-15:51:21.106289 7fdef1218d40 [/ci-cache/parity-ethereum/cargo/build-linux/registry/src/github.com-1ecc6299db9ec823/parity-rocksdb-sys-0.5.5/rocksdb/db/column_family.cc:475] --------------- Options for column family [col0]:
2019/08/12-15:51:21.106293 7fdef1218d40               Options.comparator: leveldb.BytewiseComparator
2019/08/12-15:51:21.106294 7fdef1218d40           Options.merge_operator: None
2019/08/12-15:51:21.106296 7fdef1218d40        Options.compaction_filter: None
2019/08/12-15:51:21.106298 7fdef1218d40        Options.compaction_filter_factory: None
2019/08/12-15:51:21.106299 7fdef1218d40         Options.memtable_factory: SkipListFactory
2019/08/12-15:51:21.106301 7fdef1218d40            Options.table_factory: BlockBasedTable
2019/08/12-15:51:21.106338 7fdef1218d40            table_factory options:   flush_block_policy_factory: FlushBlockBySizePolicyFactory (0x55738970b150)
  cache_index_and_filter_blocks: 1
  cache_index_and_filter_blocks_with_high_priority: 0
  pin_l0_filter_and_index_blocks_in_cache: 1
  index_type: 0
  hash_index_allow_collision: 1
  checksum: 1
  no_block_cache: 0
  block_cache: 0x557389700230
  block_cache_name: LRUCache
  block_cache_options:
    capacity : 44739242
    num_shard_bits : 6
    strict_capacity_limit : 0
    high_pri_pool_ratio: 0.000
  block_cache_compressed: (nil)
  persistent_cache: (nil)
  block_size: 65536
  block_size_deviation: 10
  block_restart_interval: 16
  index_block_restart_interval: 1
  metadata_block_size: 4096
  partition_filters: 0
  use_delta_encoding: 1
  filter_policy: nullptr
  whole_key_filtering: 1
  verify_compression: 0
  read_amp_bytes_per_bit: 0
  format_version: 2
  enable_index_compression: 1
  block_align: 0
2019/08/12-15:51:21.106350 7fdef1218d40        Options.write_buffer_size: 4194304
2019/08/12-15:51:21.106352 7fdef1218d40  Options.max_write_buffer_number: 6
2019/08/12-15:51:21.106354 7fdef1218d40          Options.compression: Snappy
2019/08/12-15:51:21.106355 7fdef1218d40                  Options.bottommost_compression: Disabled
2019/08/12-15:51:21.106357 7fdef1218d40       Options.prefix_extractor: nullptr
2019/08/12-15:51:21.106358 7fdef1218d40   Options.memtable_insert_with_hint_prefix_extractor: nullptr
2019/08/12-15:51:21.106360 7fdef1218d40             Options.num_levels: 7
2019/08/12-15:51:21.106362 7fdef1218d40        Options.min_write_buffer_number_to_merge: 2
2019/08/12-15:51:21.106363 7fdef1218d40     Options.max_write_buffer_number_to_maintain: 0
2019/08/12-15:51:21.106365 7fdef1218d40            Options.compression_opts.window_bits: -14
2019/08/12-15:51:21.106366 7fdef1218d40                  Options.compression_opts.level: -1
2019/08/12-15:51:21.106368 7fdef1218d40               Options.compression_opts.strategy: 0
2019/08/12-15:51:21.106369 7fdef1218d40         Options.compression_opts.max_dict_bytes: 0
2019/08/12-15:51:21.106371 7fdef1218d40         Options.compression_opts.zstd_max_train_bytes: 0
2019/08/12-15:51:21.106373 7fdef1218d40      Options.level0_file_num_compaction_trigger: 2
2019/08/12-15:51:21.106374 7fdef1218d40          Options.level0_slowdown_writes_trigger: 20
2019/08/12-15:51:21.106376 7fdef1218d40              Options.level0_stop_writes_trigger: 36
2019/08/12-15:51:21.106377 7fdef1218d40                   Options.target_file_size_base: 268435456
2019/08/12-15:51:21.106379 7fdef1218d40             Options.target_file_size_multiplier: 1
2019/08/12-15:51:21.106380 7fdef1218d40                Options.max_bytes_for_level_base: 16777216
2019/08/12-15:51:21.106382 7fdef1218d40 Options.level_compaction_dynamic_level_bytes: 1
2019/08/12-15:51:21.106384 7fdef1218d40          Options.max_bytes_for_level_multiplier: 10.000000
2019/08/12-15:51:21.106386 7fdef1218d40 Options.max_bytes_for_level_multiplier_addtl[0]: 1
2019/08/12-15:51:21.106388 7fdef1218d40 Options.max_bytes_for_level_multiplier_addtl[1]: 1
2019/08/12-15:51:21.106390 7fdef1218d40 Options.max_bytes_for_level_multiplier_addtl[2]: 1
2019/08/12-15:51:21.106391 7fdef1218d40 Options.max_bytes_for_level_multiplier_addtl[3]: 1
2019/08/12-15:51:21.106393 7fdef1218d40 Options.max_bytes_for_level_multiplier_addtl[4]: 1
2019/08/12-15:51:21.106395 7fdef1218d40 Options.max_bytes_for_level_multiplier_addtl[5]: 1
2019/08/12-15:51:21.106396 7fdef1218d40 Options.max_bytes_for_level_multiplier_addtl[6]: 1
2019/08/12-15:51:21.106398 7fdef1218d40       Options.max_sequential_skip_in_iterations: 8
2019/08/12-15:51:21.106400 7fdef1218d40                    Options.max_compaction_bytes: 6710886400
2019/08/12-15:51:21.106401 7fdef1218d40                        Options.arena_block_size: 524288
2019/08/12-15:51:21.106403 7fdef1218d40   Options.soft_pending_compaction_bytes_limit: 68719476736
2019/08/12-15:51:21.106404 7fdef1218d40   Options.hard_pending_compaction_bytes_limit: 274877906944
2019/08/12-15:51:21.106406 7fdef1218d40       Options.rate_limit_delay_max_milliseconds: 100
2019/08/12-15:51:21.106408 7fdef1218d40                Options.disable_auto_compactions: 0
2019/08/12-15:51:21.106410 7fdef1218d40                        Options.compaction_style: kCompactionStyleLevel
2019/08/12-15:51:21.106411 7fdef1218d40                          Options.compaction_pri: kByCompensatedSize
2019/08/12-15:51:21.106413 7fdef1218d40 Options.compaction_options_universal.size_ratio: 1
2019/08/12-15:51:21.106415 7fdef1218d40 Options.compaction_options_universal.min_merge_width: 2
2019/08/12-15:51:21.106416 7fdef1218d40 Options.compaction_options_universal.max_merge_width: 4294967295
2019/08/12-15:51:21.106418 7fdef1218d40 Options.compaction_options_universal.max_size_amplification_percent: 200
2019/08/12-15:51:21.106426 7fdef1218d40 Options.compaction_options_universal.compression_size_percent: -1
2019/08/12-15:51:21.106429 7fdef1218d40 Options.compaction_options_universal.stop_style: kCompactionStopStyleTotalSize
2019/08/12-15:51:21.106431 7fdef1218d40 Options.compaction_options_fifo.max_table_files_size: 1073741824
2019/08/12-15:51:21.106432 7fdef1218d40 Options.compaction_options_fifo.allow_compaction: 0
2019/08/12-15:51:21.106434 7fdef1218d40 Options.compaction_options_fifo.ttl: 0
2019/08/12-15:51:21.106436 7fdef1218d40                   Options.table_properties_collectors: 
2019/08/12-15:51:21.106437 7fdef1218d40                   Options.inplace_update_support: 0
2019/08/12-15:51:21.106439 7fdef1218d40                 Options.inplace_update_num_locks: 10000
2019/08/12-15:51:21.106440 7fdef1218d40               Options.memtable_prefix_bloom_size_ratio: 0.000000
2019/08/12-15:51:21.106442 7fdef1218d40   Options.memtable_huge_page_size: 0
2019/08/12-15:51:21.106444 7fdef1218d40                           Options.bloom_locality: 0
2019/08/12-15:51:21.106446 7fdef1218d40                    Options.max_successive_merges: 0
2019/08/12-15:51:21.106447 7fdef1218d40                Options.optimize_filters_for_hits: 0
2019/08/12-15:51:21.106449 7fdef1218d40                Options.paranoid_file_checks: 0
2019/08/12-15:51:21.106450 7fdef1218d40                Options.force_consistency_checks: 0
2019/08/12-15:51:21.106452 7fdef1218d40                Options.report_bg_io_stats: 0
2019/08/12-15:51:21.106453 7fdef1218d40                               Options.ttl: 0
2019/08/12-15:51:21.106482 7fdef1218d40 [/ci-cache/parity-ethereum/cargo/build-linux/registry/src/github.com-1ecc6299db9ec823/parity-rocksdb-sys-0.5.5/rocksdb/db/column_family.cc:475] --------------- Options for column family [col1]:
2019/08/12-15:51:21.106485 7fdef1218d40               Options.comparator: leveldb.BytewiseComparator
2019/08/12-15:51:21.106486 7fdef1218d40           Options.merge_operator: None
2019/08/12-15:51:21.106488 7fdef1218d40        Options.compaction_filter: None
2019/08/12-15:51:21.106490 7fdef1218d40        Options.compaction_filter_factory: None
2019/08/12-15:51:21.106491 7fdef1218d40         Options.memtable_factory: SkipListFactory
2019/08/12-15:51:21.106493 7fdef1218d40            Options.table_factory: BlockBasedTable
2019/08/12-15:51:21.106543 7fdef1218d40            table_factory options:   flush_block_policy_factory: FlushBlockBySizePolicyFactory (0x55738970b6b0)
  cache_index_and_filter_blocks: 1
  cache_index_and_filter_blocks_with_high_priority: 0
  pin_l0_filter_and_index_blocks_in_cache: 1
  index_type: 0
  hash_index_allow_collision: 1
  checksum: 1
  no_block_cache: 0
  block_cache: 0x557389700230
  block_cache_name: LRUCache
  block_cache_options:
    capacity : 44739242
    num_shard_bits : 6
    strict_capacity_limit : 0
    high_pri_pool_ratio: 0.000
  block_cache_compressed: (nil)
  persistent_cache: (nil)
  block_size: 65536
  block_size_deviation: 10
  block_restart_interval: 16
  index_block_restart_interval: 1
  metadata_block_size: 4096
  partition_filters: 0
  use_delta_encoding: 1
  filter_policy: nullptr
  whole_key_filtering: 1
  verify_compression: 0
  read_amp_bytes_per_bit: 0
  format_version: 2
  enable_index_compression: 1
  block_align: 0
2019/08/12-15:51:21.106546 7fdef1218d40        Options.write_buffer_size: 4194304
2019/08/12-15:51:21.106548 7fdef1218d40  Options.max_write_buffer_number: 6
2019/08/12-15:51:21.106549 7fdef1218d40          Options.compression: Snappy
2019/08/12-15:51:21.106551 7fdef1218d40                  Options.bottommost_compression: Disabled
2019/08/12-15:51:21.106553 7fdef1218d40       Options.prefix_extractor: nullptr
2019/08/12-15:51:21.106554 7fdef1218d40   Options.memtable_insert_with_hint_prefix_extractor: nullptr
2019/08/12-15:51:21.106556 7fdef1218d40             Options.num_levels: 7
2019/08/12-15:51:21.106557 7fdef1218d40        Options.min_write_buffer_number_to_merge: 2
2019/08/12-15:51:21.106568 7fdef1218d40     Options.max_write_buffer_number_to_maintain: 0
2019/08/12-15:51:21.106570 7fdef1218d40            Options.compression_opts.window_bits: -14
2019/08/12-15:51:21.106572 7fdef1218d40                  Options.compression_opts.level: -1
2019/08/12-15:51:21.106573 7fdef1218d40               Options.compression_opts.strategy: 0
2019/08/12-15:51:21.106575 7fdef1218d40         Options.compression_opts.max_dict_bytes: 0
2019/08/12-15:51:21.106576 7fdef1218d40         Options.compression_opts.zstd_max_train_bytes: 0
2019/08/12-15:51:21.106578 7fdef1218d40      Options.level0_file_num_compaction_trigger: 2
2019/08/12-15:51:21.106579 7fdef1218d40          Options.level0_slowdown_writes_trigger: 20
2019/08/12-15:51:21.106581 7fdef1218d40              Options.level0_stop_writes_trigger: 36
2019/08/12-15:51:21.106583 7fdef1218d40                   Options.target_file_size_base: 268435456
2019/08/12-15:51:21.106584 7fdef1218d40             Options.target_file_size_multiplier: 1
2019/08/12-15:51:21.106586 7fdef1218d40                Options.max_bytes_for_level_base: 16777216
2019/08/12-15:51:21.106587 7fdef1218d40 Options.level_compaction_dynamic_level_bytes: 1
2019/08/12-15:51:21.106589 7fdef1218d40          Options.max_bytes_for_level_multiplier: 10.000000
2019/08/12-15:51:21.106591 7fdef1218d40 Options.max_bytes_for_level_multiplier_addtl[0]: 1
2019/08/12-15:51:21.106593 7fdef1218d40 Options.max_bytes_for_level_multiplier_addtl[1]: 1
2019/08/12-15:51:21.106595 7fdef1218d40 Options.max_bytes_for_level_multiplier_addtl[2]: 1
2019/08/12-15:51:21.106596 7fdef1218d40 Options.max_bytes_for_level_multiplier_addtl[3]: 1
2019/08/12-15:51:21.106598 7fdef1218d40 Options.max_bytes_for_level_multiplier_addtl[4]: 1
2019/08/12-15:51:21.106600 7fdef1218d40 Options.max_bytes_for_level_multiplier_addtl[5]: 1
2019/08/12-15:51:21.106601 7fdef1218d40 Options.max_bytes_for_level_multiplier_addtl[6]: 1
2019/08/12-15:51:21.106603 7fdef1218d40       Options.max_sequential_skip_in_iterations: 8
2019/08/12-15:51:21.106605 7fdef1218d40                    Options.max_compaction_bytes: 6710886400
2019/08/12-15:51:21.106606 7fdef1218d40                        Options.arena_block_size: 524288
2019/08/12-15:51:21.106608 7fdef1218d40   Options.soft_pending_compaction_bytes_limit: 68719476736
2019/08/12-15:51:21.106609 7fdef1218d40   Options.hard_pending_compaction_bytes_limit: 274877906944
2019/08/12-15:51:21.106611 7fdef1218d40       Options.rate_limit_delay_max_milliseconds: 100
2019/08/12-15:51:21.106613 7fdef1218d40                Options.disable_auto_compactions: 0
2019/08/12-15:51:21.106615 7fdef1218d40                        Options.compaction_style: kCompactionStyleLevel
2019/08/12-15:51:21.106617 7fdef1218d40                          Options.compaction_pri: kByCompensatedSize
2019/08/12-15:51:21.106618 7fdef1218d40 Options.compaction_options_universal.size_ratio: 1
2019/08/12-15:51:21.106620 7fdef1218d40 Options.compaction_options_universal.min_merge_width: 2
2019/08/12-15:51:21.106621 7fdef1218d40 Options.compaction_options_universal.max_merge_width: 4294967295
2019/08/12-15:51:21.106623 7fdef1218d40 Options.compaction_options_universal.max_size_amplification_percent: 200
2019/08/12-15:51:21.106625 7fdef1218d40 Options.compaction_options_universal.compression_size_percent: -1
2019/08/12-15:51:21.106626 7fdef1218d40 Options.compaction_options_universal.stop_style: kCompactionStopStyleTotalSize
2019/08/12-15:51:21.106628 7fdef1218d40 Options.compaction_options_fifo.max_table_files_size: 1073741824
2019/08/12-15:51:21.106629 7fdef1218d40 Options.compaction_options_fifo.allow_compaction: 0
2019/08/12-15:51:21.106631 7fdef1218d40 Options.compaction_options_fifo.ttl: 0
2019/08/12-15:51:21.106633 7fdef1218d40                   Options.table_properties_collectors: 
2019/08/12-15:51:21.106634 7fdef1218d40                   Options.inplace_update_support: 0
2019/08/12-15:51:21.106636 7fdef1218d40                 Options.inplace_update_num_locks: 10000
2019/08/12-15:51:21.106637 7fdef1218d40               Options.memtable_prefix_bloom_size_ratio: 0.000000
2019/08/12-15:51:21.106646 7fdef1218d40   Options.memtable_huge_page_size: 0
2019/08/12-15:51:21.106648 7fdef1218d40                           Options.bloom_locality: 0
2019/08/12-15:51:21.106649 7fdef1218d40                    Options.max_successive_merges: 0
2019/08/12-15:51:21.106651 7fdef1218d40                Options.optimize_filters_for_hits: 0
2019/08/12-15:51:21.106653 7fdef1218d40                Options.paranoid_file_checks: 0
2019/08/12-15:51:21.106654 7fdef1218d40                Options.force_consistency_checks: 0
2019/08/12-15:51:21.106656 7fdef1218d40                Options.report_bg_io_stats: 0
2019/08/12-15:51:21.106657 7fdef1218d40                               Options.ttl: 0
2019/08/12-15:51:21.106686 7fdef1218d40 [/ci-cache/parity-ethereum/cargo/build-linux/registry/src/github.com-1ecc6299db9ec823/parity-rocksdb-sys-0.5.5/rocksdb/db/column_family.cc:475] --------------- Options for column family [col2]:
2019/08/12-15:51:21.106689 7fdef1218d40               Options.comparator: leveldb.BytewiseComparator
2019/08/12-15:51:21.106691 7fdef1218d40           Options.merge_operator: None
2019/08/12-15:51:21.106692 7fdef1218d40        Options.compaction_filter: None
2019/08/12-15:51:21.106694 7fdef1218d40        Options.compaction_filter_factory: None
2019/08/12-15:51:21.106696 7fdef1218d40         Options.memtable_factory: SkipListFactory
2019/08/12-15:51:21.106697 7fdef1218d40            Options.table_factory: BlockBasedTable
2019/08/12-15:51:21.106727 7fdef1218d40            table_factory options:   flush_block_policy_factory: FlushBlockBySizePolicyFactory (0x55738970bc30)
  cache_index_and_filter_blocks: 1
  cache_index_and_filter_blocks_with_high_priority: 0
  pin_l0_filter_and_index_blocks_in_cache: 1
  index_type: 0
  hash_index_allow_collision: 1
  checksum: 1
  no_block_cache: 0
  block_cache: 0x557389700230
  block_cache_name: LRUCache
  block_cache_options:
    capacity : 44739242
    num_shard_bits : 6
    strict_capacity_limit : 0
    high_pri_pool_ratio: 0.000
  block_cache_compressed: (nil)
  persistent_cache: (nil)
  block_size: 65536
  block_size_deviation: 10
  block_restart_interval: 16
  index_block_restart_interval: 1
  metadata_block_size: 4096
  partition_filters: 0
  use_delta_encoding: 1
  filter_policy: nullptr
  whole_key_filtering: 1
  verify_compression: 0
  read_amp_bytes_per_bit: 0
  format_version: 2
  enable_index_compression: 1
  block_align: 0
2019/08/12-15:51:21.106730 7fdef1218d40        Options.write_buffer_size: 4194304
2019/08/12-15:51:21.106732 7fdef1218d40  Options.max_write_buffer_number: 6
2019/08/12-15:51:21.106733 7fdef1218d40          Options.compression: Snappy
2019/08/12-15:51:21.106735 7fdef1218d40                  Options.bottommost_compression: Disabled
2019/08/12-15:51:21.106736 7fdef1218d40       Options.prefix_extractor: nullptr
2019/08/12-15:51:21.106738 7fdef1218d40   Options.memtable_insert_with_hint_prefix_extractor: nullptr
2019/08/12-15:51:21.106740 7fdef1218d40             Options.num_levels: 7
2019/08/12-15:51:21.106741 7fdef1218d40        Options.min_write_buffer_number_to_merge: 2
2019/08/12-15:51:21.106743 7fdef1218d40     Options.max_write_buffer_number_to_maintain: 0
2019/08/12-15:51:21.106744 7fdef1218d40            Options.compression_opts.window_bits: -14
2019/08/12-15:51:21.106746 7fdef1218d40                  Options.compression_opts.level: -1
2019/08/12-15:51:21.106747 7fdef1218d40               Options.compression_opts.strategy: 0
2019/08/12-15:51:21.106749 7fdef1218d40         Options.compression_opts.max_dict_bytes: 0
2019/08/12-15:51:21.106751 7fdef1218d40         Options.compression_opts.zstd_max_train_bytes: 0
2019/08/12-15:51:21.106752 7fdef1218d40      Options.level0_file_num_compaction_trigger: 2
2019/08/12-15:51:21.106754 7fdef1218d40          Options.level0_slowdown_writes_trigger: 20
2019/08/12-15:51:21.106755 7fdef1218d40              Options.level0_stop_writes_trigger: 36
2019/08/12-15:51:21.106757 7fdef1218d40                   Options.target_file_size_base: 268435456
2019/08/12-15:51:21.106758 7fdef1218d40             Options.target_file_size_multiplier: 1
2019/08/12-15:51:21.106767 7fdef1218d40                Options.max_bytes_for_level_base: 16777216
2019/08/12-15:51:21.106770 7fdef1218d40 Options.level_compaction_dynamic_level_bytes: 1
2019/08/12-15:51:21.106771 7fdef1218d40          Options.max_bytes_for_level_multiplier: 10.000000
2019/08/12-15:51:21.106774 7fdef1218d40 Options.max_bytes_for_level_multiplier_addtl[0]: 1
2019/08/12-15:51:21.106775 7fdef1218d40 Options.max_bytes_for_level_multiplier_addtl[1]: 1
2019/08/12-15:51:21.106777 7fdef1218d40 Options.max_bytes_for_level_multiplier_addtl[2]: 1
2019/08/12-15:51:21.106779 7fdef1218d40 Options.max_bytes_for_level_multiplier_addtl[3]: 1
2019/08/12-15:51:21.106780 7fdef1218d40 Options.max_bytes_for_level_multiplier_addtl[4]: 1
2019/08/12-15:51:21.106782 7fdef1218d40 Options.max_bytes_for_level_multiplier_addtl[5]: 1
2019/08/12-15:51:21.106784 7fdef1218d40 Options.max_bytes_for_level_multiplier_addtl[6]: 1
2019/08/12-15:51:21.106785 7fdef1218d40       Options.max_sequential_skip_in_iterations: 8
2019/08/12-15:51:21.106787 7fdef1218d40                    Options.max_compaction_bytes: 6710886400
2019/08/12-15:51:21.106788 7fdef1218d40                        Options.arena_block_size: 524288
2019/08/12-15:51:21.106790 7fdef1218d40   Options.soft_pending_compaction_bytes_limit: 68719476736
2019/08/12-15:51:21.106792 7fdef1218d40   Options.hard_pending_compaction_bytes_limit: 274877906944
2019/08/12-15:51:21.106793 7fdef1218d40       Options.rate_limit_delay_max_milliseconds: 100
2019/08/12-15:51:21.106795 7fdef1218d40                Options.disable_auto_compactions: 0
2019/08/12-15:51:21.106797 7fdef1218d40                        Options.compaction_style: kCompactionStyleLevel
2019/08/12-15:51:21.106799 7fdef1218d40                          Options.compaction_pri: kByCompensatedSize
2019/08/12-15:51:21.106800 7fdef1218d40 Options.compaction_options_universal.size_ratio: 1
2019/08/12-15:51:21.106802 7fdef1218d40 Options.compaction_options_universal.min_merge_width: 2
2019/08/12-15:51:21.106803 7fdef1218d40 Options.compaction_options_universal.max_merge_width: 4294967295
2019/08/12-15:51:21.106805 7fdef1218d40 Options.compaction_options_universal.max_size_amplification_percent: 200
2019/08/12-15:51:21.106807 7fdef1218d40 Options.compaction_options_universal.compression_size_percent: -1
2019/08/12-15:51:21.106808 7fdef1218d40 Options.compaction_options_universal.stop_style: kCompactionStopStyleTotalSize
2019/08/12-15:51:21.106810 7fdef1218d40 Options.compaction_options_fifo.max_table_files_size: 1073741824
2019/08/12-15:51:21.106812 7fdef1218d40 Options.compaction_options_fifo.allow_compaction: 0
2019/08/12-15:51:21.106813 7fdef1218d40 Options.compaction_options_fifo.ttl: 0
2019/08/12-15:51:21.106815 7fdef1218d40                   Options.table_properties_collectors: 
2019/08/12-15:51:21.106816 7fdef1218d40                   Options.inplace_update_support: 0
2019/08/12-15:51:21.106818 7fdef1218d40                 Options.inplace_update_num_locks: 10000
2019/08/12-15:51:21.106819 7fdef1218d40               Options.memtable_prefix_bloom_size_ratio: 0.000000
2019/08/12-15:51:21.106821 7fdef1218d40   Options.memtable_huge_page_size: 0
2019/08/12-15:51:21.106823 7fdef1218d40                           Options.bloom_locality: 0
2019/08/12-15:51:21.106824 7fdef1218d40                    Options.max_successive_merges: 0
2019/08/12-15:51:21.106826 7fdef1218d40                Options.optimize_filters_for_hits: 0
2019/08/12-15:51:21.106828 7fdef1218d40                Options.paranoid_file_checks: 0
2019/08/12-15:51:21.106829 7fdef1218d40                Options.force_consistency_checks: 0
2019/08/12-15:51:21.106831 7fdef1218d40                Options.report_bg_io_stats: 0
2019/08/12-15:51:21.106832 7fdef1218d40                               Options.ttl: 0
2019/08/12-15:51:21.106858 7fdef1218d40 [/ci-cache/parity-ethereum/cargo/build-linux/registry/src/github.com-1ecc6299db9ec823/parity-rocksdb-sys-0.5.5/rocksdb/db/column_family.cc:475] --------------- Options for column family [col3]:
2019/08/12-15:51:21.106868 7fdef1218d40               Options.comparator: leveldb.BytewiseComparator
2019/08/12-15:51:21.106870 7fdef1218d40           Options.merge_operator: None
2019/08/12-15:51:21.106872 7fdef1218d40        Options.compaction_filter: None
2019/08/12-15:51:21.106873 7fdef1218d40        Options.compaction_filter_factory: None
2019/08/12-15:51:21.106875 7fdef1218d40         Options.memtable_factory: SkipListFactory
2019/08/12-15:51:21.106877 7fdef1218d40            Options.table_factory: BlockBasedTable
2019/08/12-15:51:21.106907 7fdef1218d40            table_factory options:   flush_block_policy_factory: FlushBlockBySizePolicyFactory (0x55738970c1e0)
  cache_index_and_filter_blocks: 1
  cache_index_and_filter_blocks_with_high_priority: 0
  pin_l0_filter_and_index_blocks_in_cache: 1
  index_type: 0
  hash_index_allow_collision: 1
  checksum: 1
  no_block_cache: 0
  block_cache: 0x557389700230
  block_cache_name: LRUCache
  block_cache_options:
    capacity : 44739242
    num_shard_bits : 6
    strict_capacity_limit : 0
    high_pri_pool_ratio: 0.000
  block_cache_compressed: (nil)
  persistent_cache: (nil)
  block_size: 65536
  block_size_deviation: 10
  block_restart_interval: 16
  index_block_restart_interval: 1
  metadata_block_size: 4096
  partition_filters: 0
  use_delta_encoding: 1
  filter_policy: nullptr
  whole_key_filtering: 1
  verify_compression: 0
  read_amp_bytes_per_bit: 0
  format_version: 2
  enable_index_compression: 1
  block_align: 0
2019/08/12-15:51:21.106911 7fdef1218d40        Options.write_buffer_size: 4194304
2019/08/12-15:51:21.106912 7fdef1218d40  Options.max_write_buffer_number: 6
2019/08/12-15:51:21.106914 7fdef1218d40          Options.compression: Snappy
2019/08/12-15:51:21.106915 7fdef1218d40                  Options.bottommost_compression: Disabled
2019/08/12-15:51:21.106917 7fdef1218d40       Options.prefix_extractor: nullptr
2019/08/12-15:51:21.106918 7fdef1218d40   Options.memtable_insert_with_hint_prefix_extractor: nullptr
2019/08/12-15:51:21.106920 7fdef1218d40             Options.num_levels: 7
2019/08/12-15:51:21.106922 7fdef1218d40        Options.min_write_buffer_number_to_merge: 2
2019/08/12-15:51:21.106923 7fdef1218d40     Options.max_write_buffer_number_to_maintain: 0
2019/08/12-15:51:21.106925 7fdef1218d40            Options.compression_opts.window_bits: -14
2019/08/12-15:51:21.106926 7fdef1218d40                  Options.compression_opts.level: -1
2019/08/12-15:51:21.106928 7fdef1218d40               Options.compression_opts.strategy: 0
2019/08/12-15:51:21.106929 7fdef1218d40         Options.compression_opts.max_dict_bytes: 0
2019/08/12-15:51:21.106931 7fdef1218d40         Options.compression_opts.zstd_max_train_bytes: 0
2019/08/12-15:51:21.106933 7fdef1218d40      Options.level0_file_num_compaction_trigger: 2
2019/08/12-15:51:21.106934 7fdef1218d40          Options.level0_slowdown_writes_trigger: 20
2019/08/12-15:51:21.106936 7fdef1218d40              Options.level0_stop_writes_trigger: 36
