2019/08/15-01:40:42.686021 7f57ce358d40 RocksDB version: 5.14.3
2019/08/15-01:40:42.686050 7f57ce358d40 Git sha rocksdb_build_git_sha:@0@
2019/08/15-01:40:42.686053 7f57ce358d40 Compile date Jul  8 2019
2019/08/15-01:40:42.686055 7f57ce358d40 DB SUMMARY
2019/08/15-01:40:42.686113 7f57ce358d40 CURRENT file:  CURRENT
2019/08/15-01:40:42.686115 7f57ce358d40 IDENTITY file:  IDENTITY
2019/08/15-01:40:42.686123 7f57ce358d40 MANIFEST file:  MANIFEST-000024 size: 1074 Bytes
2019/08/15-01:40:42.686127 7f57ce358d40 SST files in /nodeConfig/node0/chains/PiChain-Testnet/db/4dc84de1d4e45b84/overlayrecent/db dir, Total Num: 6, files: 000025.sst 000026.sst 000027.sst 000028.sst 000029.sst 000030.sst 
2019/08/15-01:40:42.686129 7f57ce358d40 Write Ahead Log file in /nodeConfig/node0/chains/PiChain-Testnet/db/4dc84de1d4e45b84/overlayrecent/db: 000031.log size: 25111 ; 
2019/08/15-01:40:42.686132 7f57ce358d40                         Options.error_if_exists: 0
2019/08/15-01:40:42.686134 7f57ce358d40                       Options.create_if_missing: 1
2019/08/15-01:40:42.686136 7f57ce358d40                         Options.paranoid_checks: 1
2019/08/15-01:40:42.686137 7f57ce358d40                                     Options.env: 0x55cce80c1300
2019/08/15-01:40:42.686139 7f57ce358d40                                Options.info_log: 0x55cce8756f10
2019/08/15-01:40:42.686140 7f57ce358d40                Options.max_file_opening_threads: 16
2019/08/15-01:40:42.686142 7f57ce358d40                              Options.statistics: (nil)
2019/08/15-01:40:42.686144 7f57ce358d40                               Options.use_fsync: 0
2019/08/15-01:40:42.686145 7f57ce358d40                       Options.max_log_file_size: 0
2019/08/15-01:40:42.686147 7f57ce358d40                  Options.max_manifest_file_size: 18446744073709551615
2019/08/15-01:40:42.686149 7f57ce358d40                   Options.log_file_time_to_roll: 0
2019/08/15-01:40:42.686150 7f57ce358d40                       Options.keep_log_file_num: 1
2019/08/15-01:40:42.686152 7f57ce358d40                    Options.recycle_log_file_num: 0
2019/08/15-01:40:42.686153 7f57ce358d40                         Options.allow_fallocate: 1
2019/08/15-01:40:42.686155 7f57ce358d40                        Options.allow_mmap_reads: 0
2019/08/15-01:40:42.686156 7f57ce358d40                       Options.allow_mmap_writes: 0
2019/08/15-01:40:42.686158 7f57ce358d40                        Options.use_direct_reads: 0
2019/08/15-01:40:42.686159 7f57ce358d40                        Options.use_direct_io_for_flush_and_compaction: 0
2019/08/15-01:40:42.686161 7f57ce358d40          Options.create_missing_column_families: 0
2019/08/15-01:40:42.686162 7f57ce358d40                              Options.db_log_dir: 
2019/08/15-01:40:42.686164 7f57ce358d40                                 Options.wal_dir: /nodeConfig/node0/chains/PiChain-Testnet/db/4dc84de1d4e45b84/overlayrecent/db
2019/08/15-01:40:42.686166 7f57ce358d40                Options.table_cache_numshardbits: 6
2019/08/15-01:40:42.686167 7f57ce358d40                      Options.max_subcompactions: 1
2019/08/15-01:40:42.686169 7f57ce358d40                  Options.max_background_flushes: -1
2019/08/15-01:40:42.686170 7f57ce358d40                         Options.WAL_ttl_seconds: 0
2019/08/15-01:40:42.686172 7f57ce358d40                       Options.WAL_size_limit_MB: 0
2019/08/15-01:40:42.686173 7f57ce358d40             Options.manifest_preallocation_size: 4194304
2019/08/15-01:40:42.686175 7f57ce358d40                     Options.is_fd_close_on_exec: 1
2019/08/15-01:40:42.686177 7f57ce358d40                   Options.advise_random_on_open: 1
2019/08/15-01:40:42.686178 7f57ce358d40                    Options.db_write_buffer_size: 8388608
2019/08/15-01:40:42.686180 7f57ce358d40                    Options.write_buffer_manager: 0x55cce87540e0
2019/08/15-01:40:42.686181 7f57ce358d40         Options.access_hint_on_compaction_start: 1
2019/08/15-01:40:42.686183 7f57ce358d40  Options.new_table_reader_for_compaction_inputs: 0
2019/08/15-01:40:42.686184 7f57ce358d40           Options.random_access_max_buffer_size: 1048576
2019/08/15-01:40:42.686186 7f57ce358d40                      Options.use_adaptive_mutex: 0
2019/08/15-01:40:42.686198 7f57ce358d40                            Options.rate_limiter: 0x55cce874df30
2019/08/15-01:40:42.686200 7f57ce358d40     Options.sst_file_manager.rate_bytes_per_sec: 0
2019/08/15-01:40:42.686202 7f57ce358d40                       Options.wal_recovery_mode: 2
2019/08/15-01:40:42.686203 7f57ce358d40                  Options.enable_thread_tracking: 0
2019/08/15-01:40:42.686205 7f57ce358d40                  Options.enable_pipelined_write: 0
2019/08/15-01:40:42.686206 7f57ce358d40         Options.allow_concurrent_memtable_write: 1
2019/08/15-01:40:42.686208 7f57ce358d40      Options.enable_write_thread_adaptive_yield: 1
2019/08/15-01:40:42.686209 7f57ce358d40             Options.write_thread_max_yield_usec: 100
2019/08/15-01:40:42.686211 7f57ce358d40            Options.write_thread_slow_yield_usec: 3
2019/08/15-01:40:42.686212 7f57ce358d40                               Options.row_cache: None
2019/08/15-01:40:42.686214 7f57ce358d40                              Options.wal_filter: None
2019/08/15-01:40:42.686216 7f57ce358d40             Options.avoid_flush_during_recovery: 0
2019/08/15-01:40:42.686217 7f57ce358d40             Options.allow_ingest_behind: 0
2019/08/15-01:40:42.686219 7f57ce358d40             Options.preserve_deletes: 0
2019/08/15-01:40:42.686220 7f57ce358d40             Options.two_write_queues: 0
2019/08/15-01:40:42.686222 7f57ce358d40             Options.manual_wal_flush: 0
2019/08/15-01:40:42.686223 7f57ce358d40             Options.max_background_jobs: 1
2019/08/15-01:40:42.686225 7f57ce358d40             Options.max_background_compactions: -1
2019/08/15-01:40:42.686226 7f57ce358d40             Options.avoid_flush_during_shutdown: 0
2019/08/15-01:40:42.686228 7f57ce358d40           Options.writable_file_max_buffer_size: 1048576
2019/08/15-01:40:42.686230 7f57ce358d40             Options.delayed_write_rate : 16777216
2019/08/15-01:40:42.686231 7f57ce358d40             Options.max_total_wal_size: 0
2019/08/15-01:40:42.686233 7f57ce358d40             Options.delete_obsolete_files_period_micros: 21600000000
2019/08/15-01:40:42.686234 7f57ce358d40                   Options.stats_dump_period_sec: 600
2019/08/15-01:40:42.686236 7f57ce358d40                          Options.max_open_files: 512
2019/08/15-01:40:42.686238 7f57ce358d40                          Options.bytes_per_sync: 1048576
2019/08/15-01:40:42.686239 7f57ce358d40                      Options.wal_bytes_per_sync: 0
2019/08/15-01:40:42.686241 7f57ce358d40       Options.compaction_readahead_size: 0
2019/08/15-01:40:42.686242 7f57ce358d40 Compression algorithms supported:
2019/08/15-01:40:42.686244 7f57ce358d40 	kZSTDNotFinalCompression supported: 0
2019/08/15-01:40:42.686246 7f57ce358d40 	kZSTD supported: 0
2019/08/15-01:40:42.686248 7f57ce358d40 	kXpressCompression supported: 0
2019/08/15-01:40:42.686250 7f57ce358d40 	kLZ4HCCompression supported: 0
2019/08/15-01:40:42.686251 7f57ce358d40 	kLZ4Compression supported: 0
2019/08/15-01:40:42.686253 7f57ce358d40 	kBZip2Compression supported: 0
2019/08/15-01:40:42.686255 7f57ce358d40 	kZlibCompression supported: 0
2019/08/15-01:40:42.686256 7f57ce358d40 	kSnappyCompression supported: 1
2019/08/15-01:40:42.686259 7f57ce358d40 Fast CRC32 supported: Not supported on x86
2019/08/15-01:40:42.686561 7f57ce358d40 [/ci-cache/parity-ethereum/cargo/build-linux/registry/src/github.com-1ecc6299db9ec823/parity-rocksdb-sys-0.5.5/rocksdb/db/version_set.cc:3085] Recovering from manifest file: MANIFEST-000024
2019/08/15-01:40:42.686669 7f57ce358d40 [/ci-cache/parity-ethereum/cargo/build-linux/registry/src/github.com-1ecc6299db9ec823/parity-rocksdb-sys-0.5.5/rocksdb/db/column_family.cc:475] --------------- Options for column family [default]:
2019/08/15-01:40:42.686671 7f57ce358d40               Options.comparator: leveldb.BytewiseComparator
2019/08/15-01:40:42.686673 7f57ce358d40           Options.merge_operator: None
2019/08/15-01:40:42.686675 7f57ce358d40        Options.compaction_filter: None
2019/08/15-01:40:42.686676 7f57ce358d40        Options.compaction_filter_factory: None
2019/08/15-01:40:42.687760 7f57ce358d40         Options.memtable_factory: SkipListFactory
2019/08/15-01:40:42.687765 7f57ce358d40            Options.table_factory: BlockBasedTable
2019/08/15-01:40:42.687807 7f57ce358d40            table_factory options:   flush_block_policy_factory: FlushBlockBySizePolicyFactory (0x55cce874a340)
  cache_index_and_filter_blocks: 0
  cache_index_and_filter_blocks_with_high_priority: 0
  pin_l0_filter_and_index_blocks_in_cache: 0
  index_type: 0
  hash_index_allow_collision: 1
  checksum: 1
  no_block_cache: 0
  block_cache: 0x55cce874a380
  block_cache_name: LRUCache
  block_cache_options:
    capacity : 8388608
    num_shard_bits : 4
    strict_capacity_limit : 0
    high_pri_pool_ratio: 0.000
  block_cache_compressed: (nil)
  persistent_cache: (nil)
  block_size: 4096
  block_size_deviation: 10
  block_restart_interval: 16
  index_block_restart_interval: 1
  metadata_block_size: 4096
  partition_filters: 0
  use_delta_encoding: 1
  filter_policy: nullptr
  whole_key_filtering: 1
  verify_compression: 0
  read_amp_bytes_per_bit: 0
  format_version: 2
  enable_index_compression: 1
  block_align: 0
2019/08/15-01:40:42.687826 7f57ce358d40        Options.write_buffer_size: 67108864
2019/08/15-01:40:42.687828 7f57ce358d40  Options.max_write_buffer_number: 2
2019/08/15-01:40:42.687830 7f57ce358d40          Options.compression: Snappy
2019/08/15-01:40:42.687831 7f57ce358d40                  Options.bottommost_compression: Disabled
2019/08/15-01:40:42.687833 7f57ce358d40       Options.prefix_extractor: nullptr
2019/08/15-01:40:42.687835 7f57ce358d40   Options.memtable_insert_with_hint_prefix_extractor: nullptr
2019/08/15-01:40:42.687836 7f57ce358d40             Options.num_levels: 7
2019/08/15-01:40:42.687838 7f57ce358d40        Options.min_write_buffer_number_to_merge: 1
2019/08/15-01:40:42.687839 7f57ce358d40     Options.max_write_buffer_number_to_maintain: 0
2019/08/15-01:40:42.687841 7f57ce358d40            Options.compression_opts.window_bits: -14
2019/08/15-01:40:42.687843 7f57ce358d40                  Options.compression_opts.level: -1
2019/08/15-01:40:42.687844 7f57ce358d40               Options.compression_opts.strategy: 0
2019/08/15-01:40:42.687846 7f57ce358d40         Options.compression_opts.max_dict_bytes: 0
2019/08/15-01:40:42.687847 7f57ce358d40         Options.compression_opts.zstd_max_train_bytes: 0
2019/08/15-01:40:42.687849 7f57ce358d40      Options.level0_file_num_compaction_trigger: 4
2019/08/15-01:40:42.687851 7f57ce358d40          Options.level0_slowdown_writes_trigger: 20
2019/08/15-01:40:42.687852 7f57ce358d40              Options.level0_stop_writes_trigger: 36
2019/08/15-01:40:42.687854 7f57ce358d40                   Options.target_file_size_base: 67108864
2019/08/15-01:40:42.687855 7f57ce358d40             Options.target_file_size_multiplier: 1
2019/08/15-01:40:42.687857 7f57ce358d40                Options.max_bytes_for_level_base: 268435456
2019/08/15-01:40:42.687859 7f57ce358d40 Options.level_compaction_dynamic_level_bytes: 0
2019/08/15-01:40:42.687860 7f57ce358d40          Options.max_bytes_for_level_multiplier: 10.000000
2019/08/15-01:40:42.687863 7f57ce358d40 Options.max_bytes_for_level_multiplier_addtl[0]: 1
2019/08/15-01:40:42.687865 7f57ce358d40 Options.max_bytes_for_level_multiplier_addtl[1]: 1
2019/08/15-01:40:42.687867 7f57ce358d40 Options.max_bytes_for_level_multiplier_addtl[2]: 1
2019/08/15-01:40:42.687868 7f57ce358d40 Options.max_bytes_for_level_multiplier_addtl[3]: 1
2019/08/15-01:40:42.687870 7f57ce358d40 Options.max_bytes_for_level_multiplier_addtl[4]: 1
2019/08/15-01:40:42.687871 7f57ce358d40 Options.max_bytes_for_level_multiplier_addtl[5]: 1
2019/08/15-01:40:42.687873 7f57ce358d40 Options.max_bytes_for_level_multiplier_addtl[6]: 1
2019/08/15-01:40:42.687875 7f57ce358d40       Options.max_sequential_skip_in_iterations: 8
2019/08/15-01:40:42.687876 7f57ce358d40                    Options.max_compaction_bytes: 1677721600
2019/08/15-01:40:42.687878 7f57ce358d40                        Options.arena_block_size: 8388608
2019/08/15-01:40:42.687894 7f57ce358d40   Options.soft_pending_compaction_bytes_limit: 68719476736
2019/08/15-01:40:42.687897 7f57ce358d40   Options.hard_pending_compaction_bytes_limit: 274877906944
2019/08/15-01:40:42.687898 7f57ce358d40       Options.rate_limit_delay_max_milliseconds: 100
2019/08/15-01:40:42.687900 7f57ce358d40                Options.disable_auto_compactions: 0
2019/08/15-01:40:42.687903 7f57ce358d40                        Options.compaction_style: kCompactionStyleLevel
2019/08/15-01:40:42.687904 7f57ce358d40                          Options.compaction_pri: kByCompensatedSize
2019/08/15-01:40:42.687906 7f57ce358d40 Options.compaction_options_universal.size_ratio: 1
2019/08/15-01:40:42.687908 7f57ce358d40 Options.compaction_options_universal.min_merge_width: 2
2019/08/15-01:40:42.687909 7f57ce358d40 Options.compaction_options_universal.max_merge_width: 4294967295
2019/08/15-01:40:42.687911 7f57ce358d40 Options.compaction_options_universal.max_size_amplification_percent: 200
2019/08/15-01:40:42.687912 7f57ce358d40 Options.compaction_options_universal.compression_size_percent: -1
2019/08/15-01:40:42.687914 7f57ce358d40 Options.compaction_options_universal.stop_style: kCompactionStopStyleTotalSize
2019/08/15-01:40:42.687916 7f57ce358d40 Options.compaction_options_fifo.max_table_files_size: 1073741824
2019/08/15-01:40:42.687918 7f57ce358d40 Options.compaction_options_fifo.allow_compaction: 0
2019/08/15-01:40:42.687919 7f57ce358d40 Options.compaction_options_fifo.ttl: 0
2019/08/15-01:40:42.687921 7f57ce358d40                   Options.table_properties_collectors: 
2019/08/15-01:40:42.687922 7f57ce358d40                   Options.inplace_update_support: 0
2019/08/15-01:40:42.687924 7f57ce358d40                 Options.inplace_update_num_locks: 10000
2019/08/15-01:40:42.687926 7f57ce358d40               Options.memtable_prefix_bloom_size_ratio: 0.000000
2019/08/15-01:40:42.687928 7f57ce358d40   Options.memtable_huge_page_size: 0
2019/08/15-01:40:42.687929 7f57ce358d40                           Options.bloom_locality: 0
2019/08/15-01:40:42.687931 7f57ce358d40                    Options.max_successive_merges: 0
2019/08/15-01:40:42.687932 7f57ce358d40                Options.optimize_filters_for_hits: 0
2019/08/15-01:40:42.687934 7f57ce358d40                Options.paranoid_file_checks: 0
2019/08/15-01:40:42.687935 7f57ce358d40                Options.force_consistency_checks: 0
2019/08/15-01:40:42.687937 7f57ce358d40                Options.report_bg_io_stats: 0
2019/08/15-01:40:42.687938 7f57ce358d40                               Options.ttl: 0
2019/08/15-01:40:42.688005 7f57ce358d40 [/ci-cache/parity-ethereum/cargo/build-linux/registry/src/github.com-1ecc6299db9ec823/parity-rocksdb-sys-0.5.5/rocksdb/db/column_family.cc:475] --------------- Options for column family [col0]:
2019/08/15-01:40:42.688008 7f57ce358d40               Options.comparator: leveldb.BytewiseComparator
2019/08/15-01:40:42.688010 7f57ce358d40           Options.merge_operator: None
2019/08/15-01:40:42.688012 7f57ce358d40        Options.compaction_filter: None
2019/08/15-01:40:42.688013 7f57ce358d40        Options.compaction_filter_factory: None
2019/08/15-01:40:42.688015 7f57ce358d40         Options.memtable_factory: SkipListFactory
2019/08/15-01:40:42.688017 7f57ce358d40            Options.table_factory: BlockBasedTable
2019/08/15-01:40:42.688059 7f57ce358d40            table_factory options:   flush_block_policy_factory: FlushBlockBySizePolicyFactory (0x55cce8757210)
  cache_index_and_filter_blocks: 1
  cache_index_and_filter_blocks_with_high_priority: 0
  pin_l0_filter_and_index_blocks_in_cache: 1
  index_type: 0
  hash_index_allow_collision: 1
  checksum: 1
  no_block_cache: 0
  block_cache: 0x55cce874c2e0
  block_cache_name: LRUCache
  block_cache_options:
    capacity : 44739242
    num_shard_bits : 6
    strict_capacity_limit : 0
    high_pri_pool_ratio: 0.000
  block_cache_compressed: (nil)
  persistent_cache: (nil)
  block_size: 65536
  block_size_deviation: 10
  block_restart_interval: 16
  index_block_restart_interval: 1
  metadata_block_size: 4096
  partition_filters: 0
  use_delta_encoding: 1
  filter_policy: nullptr
  whole_key_filtering: 1
  verify_compression: 0
  read_amp_bytes_per_bit: 0
  format_version: 2
  enable_index_compression: 1
  block_align: 0
2019/08/15-01:40:42.688070 7f57ce358d40        Options.write_buffer_size: 4194304
2019/08/15-01:40:42.688072 7f57ce358d40  Options.max_write_buffer_number: 6
2019/08/15-01:40:42.688074 7f57ce358d40          Options.compression: Snappy
2019/08/15-01:40:42.688075 7f57ce358d40                  Options.bottommost_compression: Disabled
2019/08/15-01:40:42.688077 7f57ce358d40       Options.prefix_extractor: nullptr
2019/08/15-01:40:42.688079 7f57ce358d40   Options.memtable_insert_with_hint_prefix_extractor: nullptr
2019/08/15-01:40:42.688080 7f57ce358d40             Options.num_levels: 7
2019/08/15-01:40:42.688082 7f57ce358d40        Options.min_write_buffer_number_to_merge: 2
2019/08/15-01:40:42.688083 7f57ce358d40     Options.max_write_buffer_number_to_maintain: 0
2019/08/15-01:40:42.688085 7f57ce358d40            Options.compression_opts.window_bits: -14
2019/08/15-01:40:42.688086 7f57ce358d40                  Options.compression_opts.level: -1
2019/08/15-01:40:42.688088 7f57ce358d40               Options.compression_opts.strategy: 0
2019/08/15-01:40:42.688090 7f57ce358d40         Options.compression_opts.max_dict_bytes: 0
2019/08/15-01:40:42.688091 7f57ce358d40         Options.compression_opts.zstd_max_train_bytes: 0
2019/08/15-01:40:42.688093 7f57ce358d40      Options.level0_file_num_compaction_trigger: 2
2019/08/15-01:40:42.688094 7f57ce358d40          Options.level0_slowdown_writes_trigger: 20
2019/08/15-01:40:42.688096 7f57ce358d40              Options.level0_stop_writes_trigger: 36
2019/08/15-01:40:42.688097 7f57ce358d40                   Options.target_file_size_base: 268435456
2019/08/15-01:40:42.688099 7f57ce358d40             Options.target_file_size_multiplier: 1
2019/08/15-01:40:42.688100 7f57ce358d40                Options.max_bytes_for_level_base: 16777216
2019/08/15-01:40:42.688102 7f57ce358d40 Options.level_compaction_dynamic_level_bytes: 1
2019/08/15-01:40:42.688104 7f57ce358d40          Options.max_bytes_for_level_multiplier: 10.000000
2019/08/15-01:40:42.688106 7f57ce358d40 Options.max_bytes_for_level_multiplier_addtl[0]: 1
2019/08/15-01:40:42.688108 7f57ce358d40 Options.max_bytes_for_level_multiplier_addtl[1]: 1
2019/08/15-01:40:42.688109 7f57ce358d40 Options.max_bytes_for_level_multiplier_addtl[2]: 1
2019/08/15-01:40:42.688111 7f57ce358d40 Options.max_bytes_for_level_multiplier_addtl[3]: 1
2019/08/15-01:40:42.688113 7f57ce358d40 Options.max_bytes_for_level_multiplier_addtl[4]: 1
2019/08/15-01:40:42.688114 7f57ce358d40 Options.max_bytes_for_level_multiplier_addtl[5]: 1
2019/08/15-01:40:42.688116 7f57ce358d40 Options.max_bytes_for_level_multiplier_addtl[6]: 1
2019/08/15-01:40:42.688117 7f57ce358d40       Options.max_sequential_skip_in_iterations: 8
2019/08/15-01:40:42.688119 7f57ce358d40                    Options.max_compaction_bytes: 6710886400
2019/08/15-01:40:42.688121 7f57ce358d40                        Options.arena_block_size: 524288
2019/08/15-01:40:42.688122 7f57ce358d40   Options.soft_pending_compaction_bytes_limit: 68719476736
2019/08/15-01:40:42.688124 7f57ce358d40   Options.hard_pending_compaction_bytes_limit: 274877906944
2019/08/15-01:40:42.688125 7f57ce358d40       Options.rate_limit_delay_max_milliseconds: 100
2019/08/15-01:40:42.688127 7f57ce358d40                Options.disable_auto_compactions: 0
2019/08/15-01:40:42.688129 7f57ce358d40                        Options.compaction_style: kCompactionStyleLevel
2019/08/15-01:40:42.688131 7f57ce358d40                          Options.compaction_pri: kByCompensatedSize
2019/08/15-01:40:42.688132 7f57ce358d40 Options.compaction_options_universal.size_ratio: 1
2019/08/15-01:40:42.688134 7f57ce358d40 Options.compaction_options_universal.min_merge_width: 2
2019/08/15-01:40:42.688136 7f57ce358d40 Options.compaction_options_universal.max_merge_width: 4294967295
2019/08/15-01:40:42.688137 7f57ce358d40 Options.compaction_options_universal.max_size_amplification_percent: 200
2019/08/15-01:40:42.688145 7f57ce358d40 Options.compaction_options_universal.compression_size_percent: -1
2019/08/15-01:40:42.688148 7f57ce358d40 Options.compaction_options_universal.stop_style: kCompactionStopStyleTotalSize
2019/08/15-01:40:42.688149 7f57ce358d40 Options.compaction_options_fifo.max_table_files_size: 1073741824
2019/08/15-01:40:42.688151 7f57ce358d40 Options.compaction_options_fifo.allow_compaction: 0
2019/08/15-01:40:42.688152 7f57ce358d40 Options.compaction_options_fifo.ttl: 0
2019/08/15-01:40:42.688154 7f57ce358d40                   Options.table_properties_collectors: 
2019/08/15-01:40:42.688155 7f57ce358d40                   Options.inplace_update_support: 0
2019/08/15-01:40:42.688157 7f57ce358d40                 Options.inplace_update_num_locks: 10000
2019/08/15-01:40:42.688159 7f57ce358d40               Options.memtable_prefix_bloom_size_ratio: 0.000000
2019/08/15-01:40:42.688161 7f57ce358d40   Options.memtable_huge_page_size: 0
2019/08/15-01:40:42.688162 7f57ce358d40                           Options.bloom_locality: 0
2019/08/15-01:40:42.688164 7f57ce358d40                    Options.max_successive_merges: 0
2019/08/15-01:40:42.688165 7f57ce358d40                Options.optimize_filters_for_hits: 0
2019/08/15-01:40:42.688167 7f57ce358d40                Options.paranoid_file_checks: 0
2019/08/15-01:40:42.688168 7f57ce358d40                Options.force_consistency_checks: 0
2019/08/15-01:40:42.688170 7f57ce358d40                Options.report_bg_io_stats: 0
2019/08/15-01:40:42.688172 7f57ce358d40                               Options.ttl: 0
2019/08/15-01:40:42.688195 7f57ce358d40 [/ci-cache/parity-ethereum/cargo/build-linux/registry/src/github.com-1ecc6299db9ec823/parity-rocksdb-sys-0.5.5/rocksdb/db/column_family.cc:475] --------------- Options for column family [col1]:
2019/08/15-01:40:42.688198 7f57ce358d40               Options.comparator: leveldb.BytewiseComparator
2019/08/15-01:40:42.688200 7f57ce358d40           Options.merge_operator: None
2019/08/15-01:40:42.688201 7f57ce358d40        Options.compaction_filter: None
2019/08/15-01:40:42.688203 7f57ce358d40        Options.compaction_filter_factory: None
2019/08/15-01:40:42.688204 7f57ce358d40         Options.memtable_factory: SkipListFactory
2019/08/15-01:40:42.688206 7f57ce358d40            Options.table_factory: BlockBasedTable
2019/08/15-01:40:42.688235 7f57ce358d40            table_factory options:   flush_block_policy_factory: FlushBlockBySizePolicyFactory (0x55cce8757730)
  cache_index_and_filter_blocks: 1
  cache_index_and_filter_blocks_with_high_priority: 0
  pin_l0_filter_and_index_blocks_in_cache: 1
  index_type: 0
  hash_index_allow_collision: 1
  checksum: 1
  no_block_cache: 0
  block_cache: 0x55cce874c2e0
  block_cache_name: LRUCache
  block_cache_options:
    capacity : 44739242
    num_shard_bits : 6
    strict_capacity_limit : 0
    high_pri_pool_ratio: 0.000
  block_cache_compressed: (nil)
  persistent_cache: (nil)
  block_size: 65536
  block_size_deviation: 10
  block_restart_interval: 16
  index_block_restart_interval: 1
  metadata_block_size: 4096
  partition_filters: 0
  use_delta_encoding: 1
  filter_policy: nullptr
  whole_key_filtering: 1
  verify_compression: 0
  read_amp_bytes_per_bit: 0
  format_version: 2
  enable_index_compression: 1
  block_align: 0
2019/08/15-01:40:42.688238 7f57ce358d40        Options.write_buffer_size: 4194304
2019/08/15-01:40:42.688240 7f57ce358d40  Options.max_write_buffer_number: 6
2019/08/15-01:40:42.688242 7f57ce358d40          Options.compression: Snappy
2019/08/15-01:40:42.688243 7f57ce358d40                  Options.bottommost_compression: Disabled
2019/08/15-01:40:42.688245 7f57ce358d40       Options.prefix_extractor: nullptr
2019/08/15-01:40:42.688246 7f57ce358d40   Options.memtable_insert_with_hint_prefix_extractor: nullptr
2019/08/15-01:40:42.688248 7f57ce358d40             Options.num_levels: 7
2019/08/15-01:40:42.688249 7f57ce358d40        Options.min_write_buffer_number_to_merge: 2
2019/08/15-01:40:42.688251 7f57ce358d40     Options.max_write_buffer_number_to_maintain: 0
2019/08/15-01:40:42.688261 7f57ce358d40            Options.compression_opts.window_bits: -14
2019/08/15-01:40:42.688263 7f57ce358d40                  Options.compression_opts.level: -1
2019/08/15-01:40:42.688265 7f57ce358d40               Options.compression_opts.strategy: 0
2019/08/15-01:40:42.688266 7f57ce358d40         Options.compression_opts.max_dict_bytes: 0
2019/08/15-01:40:42.688268 7f57ce358d40         Options.compression_opts.zstd_max_train_bytes: 0
2019/08/15-01:40:42.688269 7f57ce358d40      Options.level0_file_num_compaction_trigger: 2
2019/08/15-01:40:42.688271 7f57ce358d40          Options.level0_slowdown_writes_trigger: 20
2019/08/15-01:40:42.688272 7f57ce358d40              Options.level0_stop_writes_trigger: 36
2019/08/15-01:40:42.688274 7f57ce358d40                   Options.target_file_size_base: 268435456
2019/08/15-01:40:42.688275 7f57ce358d40             Options.target_file_size_multiplier: 1
2019/08/15-01:40:42.688277 7f57ce358d40                Options.max_bytes_for_level_base: 16777216
2019/08/15-01:40:42.688279 7f57ce358d40 Options.level_compaction_dynamic_level_bytes: 1
2019/08/15-01:40:42.688280 7f57ce358d40          Options.max_bytes_for_level_multiplier: 10.000000
2019/08/15-01:40:42.688282 7f57ce358d40 Options.max_bytes_for_level_multiplier_addtl[0]: 1
2019/08/15-01:40:42.688284 7f57ce358d40 Options.max_bytes_for_level_multiplier_addtl[1]: 1
2019/08/15-01:40:42.688286 7f57ce358d40 Options.max_bytes_for_level_multiplier_addtl[2]: 1
2019/08/15-01:40:42.688287 7f57ce358d40 Options.max_bytes_for_level_multiplier_addtl[3]: 1
2019/08/15-01:40:42.688289 7f57ce358d40 Options.max_bytes_for_level_multiplier_addtl[4]: 1
2019/08/15-01:40:42.688291 7f57ce358d40 Options.max_bytes_for_level_multiplier_addtl[5]: 1
2019/08/15-01:40:42.688292 7f57ce358d40 Options.max_bytes_for_level_multiplier_addtl[6]: 1
2019/08/15-01:40:42.688294 7f57ce358d40       Options.max_sequential_skip_in_iterations: 8
2019/08/15-01:40:42.688295 7f57ce358d40                    Options.max_compaction_bytes: 6710886400
2019/08/15-01:40:42.688297 7f57ce358d40                        Options.arena_block_size: 524288
2019/08/15-01:40:42.688299 7f57ce358d40   Options.soft_pending_compaction_bytes_limit: 68719476736
2019/08/15-01:40:42.688300 7f57ce358d40   Options.hard_pending_compaction_bytes_limit: 274877906944
2019/08/15-01:40:42.688302 7f57ce358d40       Options.rate_limit_delay_max_milliseconds: 100
2019/08/15-01:40:42.688303 7f57ce358d40                Options.disable_auto_compactions: 0
2019/08/15-01:40:42.688305 7f57ce358d40                        Options.compaction_style: kCompactionStyleLevel
2019/08/15-01:40:42.688307 7f57ce358d40                          Options.compaction_pri: kByCompensatedSize
2019/08/15-01:40:42.688309 7f57ce358d40 Options.compaction_options_universal.size_ratio: 1
2019/08/15-01:40:42.688310 7f57ce358d40 Options.compaction_options_universal.min_merge_width: 2
2019/08/15-01:40:42.688312 7f57ce358d40 Options.compaction_options_universal.max_merge_width: 4294967295
2019/08/15-01:40:42.688313 7f57ce358d40 Options.compaction_options_universal.max_size_amplification_percent: 200
2019/08/15-01:40:42.688315 7f57ce358d40 Options.compaction_options_universal.compression_size_percent: -1
2019/08/15-01:40:42.688317 7f57ce358d40 Options.compaction_options_universal.stop_style: kCompactionStopStyleTotalSize
2019/08/15-01:40:42.688318 7f57ce358d40 Options.compaction_options_fifo.max_table_files_size: 1073741824
2019/08/15-01:40:42.688320 7f57ce358d40 Options.compaction_options_fifo.allow_compaction: 0
2019/08/15-01:40:42.688321 7f57ce358d40 Options.compaction_options_fifo.ttl: 0
2019/08/15-01:40:42.688323 7f57ce358d40                   Options.table_properties_collectors: 
2019/08/15-01:40:42.688324 7f57ce358d40                   Options.inplace_update_support: 0
2019/08/15-01:40:42.688326 7f57ce358d40                 Options.inplace_update_num_locks: 10000
2019/08/15-01:40:42.688327 7f57ce358d40               Options.memtable_prefix_bloom_size_ratio: 0.000000
2019/08/15-01:40:42.688329 7f57ce358d40   Options.memtable_huge_page_size: 0
2019/08/15-01:40:42.688337 7f57ce358d40                           Options.bloom_locality: 0
2019/08/15-01:40:42.688339 7f57ce358d40                    Options.max_successive_merges: 0
2019/08/15-01:40:42.688341 7f57ce358d40                Options.optimize_filters_for_hits: 0
2019/08/15-01:40:42.688342 7f57ce358d40                Options.paranoid_file_checks: 0
2019/08/15-01:40:42.688344 7f57ce358d40                Options.force_consistency_checks: 0
2019/08/15-01:40:42.688345 7f57ce358d40                Options.report_bg_io_stats: 0
2019/08/15-01:40:42.688347 7f57ce358d40                               Options.ttl: 0
2019/08/15-01:40:42.688371 7f57ce358d40 [/ci-cache/parity-ethereum/cargo/build-linux/registry/src/github.com-1ecc6299db9ec823/parity-rocksdb-sys-0.5.5/rocksdb/db/column_family.cc:475] --------------- Options for column family [col2]:
2019/08/15-01:40:42.688373 7f57ce358d40               Options.comparator: leveldb.BytewiseComparator
2019/08/15-01:40:42.688375 7f57ce358d40           Options.merge_operator: None
2019/08/15-01:40:42.688376 7f57ce358d40        Options.compaction_filter: None
2019/08/15-01:40:42.688378 7f57ce358d40        Options.compaction_filter_factory: None
2019/08/15-01:40:42.688380 7f57ce358d40         Options.memtable_factory: SkipListFactory
2019/08/15-01:40:42.688381 7f57ce358d40            Options.table_factory: BlockBasedTable
2019/08/15-01:40:42.688410 7f57ce358d40            table_factory options:   flush_block_policy_factory: FlushBlockBySizePolicyFactory (0x55cce8757000)
  cache_index_and_filter_blocks: 1
  cache_index_and_filter_blocks_with_high_priority: 0
  pin_l0_filter_and_index_blocks_in_cache: 1
  index_type: 0
  hash_index_allow_collision: 1
  checksum: 1
  no_block_cache: 0
  block_cache: 0x55cce874c2e0
  block_cache_name: LRUCache
  block_cache_options:
    capacity : 44739242
    num_shard_bits : 6
    strict_capacity_limit : 0
    high_pri_pool_ratio: 0.000
  block_cache_compressed: (nil)
  persistent_cache: (nil)
  block_size: 65536
  block_size_deviation: 10
  block_restart_interval: 16
  index_block_restart_interval: 1
  metadata_block_size: 4096
  partition_filters: 0
  use_delta_encoding: 1
  filter_policy: nullptr
  whole_key_filtering: 1
  verify_compression: 0
  read_amp_bytes_per_bit: 0
  format_version: 2
  enable_index_compression: 1
  block_align: 0
2019/08/15-01:40:42.688413 7f57ce358d40        Options.write_buffer_size: 4194304
2019/08/15-01:40:42.688415 7f57ce358d40  Options.max_write_buffer_number: 6
2019/08/15-01:40:42.688416 7f57ce358d40          Options.compression: Snappy
2019/08/15-01:40:42.688418 7f57ce358d40                  Options.bottommost_compression: Disabled
2019/08/15-01:40:42.688419 7f57ce358d40       Options.prefix_extractor: nullptr
2019/08/15-01:40:42.688421 7f57ce358d40   Options.memtable_insert_with_hint_prefix_extractor: nullptr
2019/08/15-01:40:42.688423 7f57ce358d40             Options.num_levels: 7
2019/08/15-01:40:42.688424 7f57ce358d40        Options.min_write_buffer_number_to_merge: 2
2019/08/15-01:40:42.688426 7f57ce358d40     Options.max_write_buffer_number_to_maintain: 0
2019/08/15-01:40:42.688427 7f57ce358d40            Options.compression_opts.window_bits: -14
2019/08/15-01:40:42.688429 7f57ce358d40                  Options.compression_opts.level: -1
2019/08/15-01:40:42.688430 7f57ce358d40               Options.compression_opts.strategy: 0
2019/08/15-01:40:42.688432 7f57ce358d40         Options.compression_opts.max_dict_bytes: 0
2019/08/15-01:40:42.688433 7f57ce358d40         Options.compression_opts.zstd_max_train_bytes: 0
2019/08/15-01:40:42.688435 7f57ce358d40      Options.level0_file_num_compaction_trigger: 2
2019/08/15-01:40:42.688436 7f57ce358d40          Options.level0_slowdown_writes_trigger: 20
2019/08/15-01:40:42.688438 7f57ce358d40              Options.level0_stop_writes_trigger: 36
2019/08/15-01:40:42.688440 7f57ce358d40                   Options.target_file_size_base: 268435456
2019/08/15-01:40:42.688441 7f57ce358d40             Options.target_file_size_multiplier: 1
2019/08/15-01:40:42.688450 7f57ce358d40                Options.max_bytes_for_level_base: 16777216
2019/08/15-01:40:42.688452 7f57ce358d40 Options.level_compaction_dynamic_level_bytes: 1
2019/08/15-01:40:42.688453 7f57ce358d40          Options.max_bytes_for_level_multiplier: 10.000000
2019/08/15-01:40:42.688456 7f57ce358d40 Options.max_bytes_for_level_multiplier_addtl[0]: 1
2019/08/15-01:40:42.688457 7f57ce358d40 Options.max_bytes_for_level_multiplier_addtl[1]: 1
2019/08/15-01:40:42.688459 7f57ce358d40 Options.max_bytes_for_level_multiplier_addtl[2]: 1
2019/08/15-01:40:42.688461 7f57ce358d40 Options.max_bytes_for_level_multiplier_addtl[3]: 1
2019/08/15-01:40:42.688462 7f57ce358d40 Options.max_bytes_for_level_multiplier_addtl[4]: 1
2019/08/15-01:40:42.688464 7f57ce358d40 Options.max_bytes_for_level_multiplier_addtl[5]: 1
2019/08/15-01:40:42.688465 7f57ce358d40 Options.max_bytes_for_level_multiplier_addtl[6]: 1
2019/08/15-01:40:42.688467 7f57ce358d40       Options.max_sequential_skip_in_iterations: 8
2019/08/15-01:40:42.688469 7f57ce358d40                    Options.max_compaction_bytes: 6710886400
2019/08/15-01:40:42.688470 7f57ce358d40                        Options.arena_block_size: 524288
2019/08/15-01:40:42.688472 7f57ce358d40   Options.soft_pending_compaction_bytes_limit: 68719476736
2019/08/15-01:40:42.688473 7f57ce358d40   Options.hard_pending_compaction_bytes_limit: 274877906944
2019/08/15-01:40:42.688475 7f57ce358d40       Options.rate_limit_delay_max_milliseconds: 100
2019/08/15-01:40:42.688476 7f57ce358d40                Options.disable_auto_compactions: 0
2019/08/15-01:40:42.688479 7f57ce358d40                        Options.compaction_style: kCompactionStyleLevel
2019/08/15-01:40:42.688480 7f57ce358d40                          Options.compaction_pri: kByCompensatedSize
2019/08/15-01:40:42.688482 7f57ce358d40 Options.compaction_options_universal.size_ratio: 1
2019/08/15-01:40:42.688483 7f57ce358d40 Options.compaction_options_universal.min_merge_width: 2
2019/08/15-01:40:42.688485 7f57ce358d40 Options.compaction_options_universal.max_merge_width: 4294967295
2019/08/15-01:40:42.688486 7f57ce358d40 Options.compaction_options_universal.max_size_amplification_percent: 200
2019/08/15-01:40:42.688488 7f57ce358d40 Options.compaction_options_universal.compression_size_percent: -1
2019/08/15-01:40:42.688490 7f57ce358d40 Options.compaction_options_universal.stop_style: kCompactionStopStyleTotalSize
2019/08/15-01:40:42.688491 7f57ce358d40 Options.compaction_options_fifo.max_table_files_size: 1073741824
2019/08/15-01:40:42.688493 7f57ce358d40 Options.compaction_options_fifo.allow_compaction: 0
2019/08/15-01:40:42.688494 7f57ce358d40 Options.compaction_options_fifo.ttl: 0
2019/08/15-01:40:42.688496 7f57ce358d40                   Options.table_properties_collectors: 
2019/08/15-01:40:42.688498 7f57ce358d40                   Options.inplace_update_support: 0
2019/08/15-01:40:42.688499 7f57ce358d40                 Options.inplace_update_num_locks: 10000
2019/08/15-01:40:42.688501 7f57ce358d40               Options.memtable_prefix_bloom_size_ratio: 0.000000
2019/08/15-01:40:42.688502 7f57ce358d40   Options.memtable_huge_page_size: 0
2019/08/15-01:40:42.688504 7f57ce358d40                           Options.bloom_locality: 0
2019/08/15-01:40:42.688505 7f57ce358d40                    Options.max_successive_merges: 0
2019/08/15-01:40:42.688507 7f57ce358d40                Options.optimize_filters_for_hits: 0
2019/08/15-01:40:42.688508 7f57ce358d40                Options.paranoid_file_checks: 0
2019/08/15-01:40:42.688510 7f57ce358d40                Options.force_consistency_checks: 0
2019/08/15-01:40:42.688511 7f57ce358d40                Options.report_bg_io_stats: 0
2019/08/15-01:40:42.688513 7f57ce358d40                               Options.ttl: 0
2019/08/15-01:40:42.688536 7f57ce358d40 [/ci-cache/parity-ethereum/cargo/build-linux/registry/src/github.com-1ecc6299db9ec823/parity-rocksdb-sys-0.5.5/rocksdb/db/column_family.cc:475] --------------- Options for column family [col3]:
2019/08/15-01:40:42.688538 7f57ce358d40               Options.comparator: leveldb.BytewiseComparator
2019/08/15-01:40:42.688548 7f57ce358d40           Options.merge_operator: None
2019/08/15-01:40:42.688550 7f57ce358d40        Options.compaction_filter: None
2019/08/15-01:40:42.688552 7f57ce358d40        Options.compaction_filter_factory: None
2019/08/15-01:40:42.688553 7f57ce358d40         Options.memtable_factory: SkipListFactory
2019/08/15-01:40:42.688555 7f57ce358d40            Options.table_factory: BlockBasedTable
2019/08/15-01:40:42.688584 7f57ce358d40            table_factory options:   flush_block_policy_factory: FlushBlockBySizePolicyFactory (0x55cce8754b90)
  cache_index_and_filter_blocks: 1
  cache_index_and_filter_blocks_with_high_priority: 0
  pin_l0_filter_and_index_blocks_in_cache: 1
  index_type: 0
  hash_index_allow_collision: 1
  checksum: 1
  no_block_cache: 0
  block_cache: 0x55cce874c2e0
  block_cache_name: LRUCache
  block_cache_options:
    capacity : 44739242
    num_shard_bits : 6
    strict_capacity_limit : 0
    high_pri_pool_ratio: 0.000
  block_cache_compressed: (nil)
  persistent_cache: (nil)
  block_size: 65536
  block_size_deviation: 10
  block_restart_interval: 16
  index_block_restart_interval: 1
  metadata_block_size: 4096
  partition_filters: 0
  use_delta_encoding: 1
  filter_policy: nullptr
  whole_key_filtering: 1
  verify_compression: 0
  read_amp_bytes_per_bit: 0
  format_version: 2
  enable_index_compression: 1
  block_align: 0
2019/08/15-01:40:42.688588 7f57ce358d40        Options.write_buffer_size: 4194304
2019/08/15-01:40:42.688589 7f57ce358d40  Options.max_write_buffer_number: 6
2019/08/15-01:40:42.688591 7f57ce358d40          Options.compression: Snappy
2019/08/15-01:40:42.688592 7f57ce358d40                  Options.bottommost_compression: Disabled
2019/08/15-01:40:42.688594 7f57ce358d40       Options.prefix_extractor: nullptr
2019/08/15-01:40:42.688596 7f57ce358d40   Options.memtable_insert_with_hint_prefix_extractor: nullptr
2019/08/15-01:40:42.688597 7f57ce358d40             Options.num_levels: 7
2019/08/15-01:40:42.688599 7f57ce358d40        Options.min_write_buffer_number_to_merge: 2
2019/08/15-01:40:42.688600 7f57ce358d40     Options.max_write_buffer_number_to_maintain: 0
2019/08/15-01:40:42.688602 7f57ce358d40            Options.compression_opts.window_bits: -14
2019/08/15-01:40:42.688603 7f57ce358d40                  Options.compression_opts.level: -1
2019/08/15-01:40:42.688605 7f57ce358d40               Options.compression_opts.strategy: 0
2019/08/15-01:40:42.688606 7f57ce358d40         Options.compression_opts.max_dict_bytes: 0
2019/08/15-01:40:42.688608 7f57ce358d40         Options.compression_opts.zstd_max_train_bytes: 0
2019/08/15-01:40:42.688609 7f57ce358d40      Options.level0_file_num_compaction_trigger: 2
2019/08/15-01:40:42.688611 7f57ce358d40          Options.level0_slowdown_writes_trigger: 20
2019/08/15-01:40:42.688612 7f57ce358d40              Options.level0_stop_writes_trigger: 36
